   0  111.00000000000000  115.00000000000000  110.00000000000000
   1  110.97647058777511  115.47058824449778  109.92941176332533
   2  110.95294117555022  115.94117648899555  109.85882352665067
   3  110.92941176146269  116.41176477074623  109.78823528438807
   4  110.90588235110044  116.88235297799110  109.71764705330133
   5  110.88235294073820  117.35294118523598  109.64705882221460
   6  110.85882352292538  117.82352954149246  109.57647056877613
   7  110.83529411256313  118.29411774873734  109.50588233768940
   8  110.81176470220089  118.76470595598221  109.43529410660267
   9  110.78823529183865  119.23529416322708  109.36470587551594
  10  110.76470588147640  119.70588237047195  109.29411764442921
  11  110.74117645621300  120.17647087574005  109.22352936863899
  12  110.71764704585075  120.64705908298492  109.15294113755226
  13  110.69411763548851  121.11764729022980  109.08235290646553
  14  110.67058822512627  121.58823549747467  109.01176467537880
  15  110.64705881476402  122.05882370471954  108.94117644429207
  16  110.62352940440178  122.52941191196442  108.87058821320534
  17  110.59999999403954  123.00000011920929  108.79999998211861
  18  110.57647058367729  123.47058832645416  108.72941175103188
  19  110.55294117331505  123.94117653369904  108.65882351994514
  20  110.52941176295280  124.41176474094391  108.58823528885841
  21  110.50588235259056  124.88235294818878  108.51764705777168
  22  110.48235291242599  125.35294175148010  108.44705873727798
  23  110.45882350206375  125.82352995872498  108.37647050619125
  24  110.43529409170151  126.29411816596985  108.30588227510452
  25  110.41176468133926  126.76470637321472  108.23529404401779
  26  110.38823527097702  127.23529458045959  108.16470581293106
  27  110.36470586061478  127.70588278770447  108.09411758184433
  28  110.34117645025253  128.17647099494934  108.02352935075760
  29  110.31764703989029  128.64705920219421  107.95294111967087
  30  110.29411762952805  129.11764740943909  107.88235288858414
  31  110.27058821916580  129.58823561668396  107.81176465749741
  32  110.24705880880356  130.05882382392883  107.74117642641068
  33  110.22352939844131  130.52941203117371  107.67058819532394
  34  110.19999998807907  131.00000023841858  107.59999996423721
  35  110.17647057771683  131.47058844566345  107.52941173315048
  36  110.15294116735458  131.94117665290833  107.45882350206375
  37  110.12941175699234  132.41176486015320  107.38823527097702
  38  110.10588234663010  132.88235306739807  107.31764703989029
  39  110.08235293626785  133.35294127464294  107.24705880880356
  40  110.05882352590561  133.82352948188782  107.17647057771683
  41  110.03529411554337  134.29411768913269  107.10588234663010
  42  110.01176470518112  134.76470589637756  107.03529411554337
  43  109.98823523521423  135.23529529571533  106.96470570564270
  44  109.96470582485199  135.70588350296021  106.89411747455597
  45  109.94117641448975  136.17647171020508  106.82352924346924
  46  109.91764700412750  136.64705991744995  106.75294101238251
  47  109.89411759376526  137.11764812469482  106.68235278129578
  48  109.87058818340302  137.58823633193970  106.61176455020905
  49  109.84705877304077  138.05882453918457  106.54117631912231
  50  109.82352936267853  138.52941274642944  106.47058808803558
  51  109.79999995231628  139.00000095367432  106.39999985694885
  52  109.77647054195404  139.47058916091919  106.32941162586212
  53  109.75294113159180  139.94117736816406  106.25882339477539
  54  109.72941172122955  140.41176557540894  106.18823516368866
  55  109.70588231086731  140.88235378265381  106.11764693260193
  56  109.68235290050507  141.35294198989868  106.04705870151520
  57  109.65882349014282  141.82353019714355  105.97647047042847
  58  109.63529407978058  142.29411840438843  105.90588223934174
  59  109.61176466941833  142.76470661163330  105.83529400825500
  60  109.58823525905609  143.23529481887817  105.76470577716827
  61  109.56470584869385  143.70588302612305  105.69411754608154
  62  109.54117643833160  144.17647123336792  105.62352931499481
  63  109.51764702796936  144.64705944061279  105.55294108390808
  64  109.49411761760712  145.11764764785767  105.48235285282135
  65  109.47058820724487  145.58823585510254  105.41176462173462
  66  109.44705879688263  146.05882406234741  105.34117639064789
  67  109.42352938652039  146.52941226959229  105.27058815956116
  68  109.39999997615814  147.00000047683716  105.19999992847443
  69  109.37647056579590  147.47058868408203  105.12941169738770
  70  109.35294115543365  147.94117689132690  105.05882346630096
  71  109.32941174507141  148.41176509857178  104.98823523521423
  72  109.30588233470917  148.88235330581665  104.91764700412750
  73  109.28235292434692  149.35294151306152  104.84705877304077
  74  109.25882351398468  149.82352972030640  104.77647054195404
  75  109.23529410362244  150.29411792755127  104.70588231086731
  76  109.21176469326019  150.76470613479614  104.63529407978058
  77  109.18823528289795  151.23529434204102  104.56470584869385
  78  109.16470587253571  151.70588254928589  104.49411761760712
  79  109.14117646217346  152.17647075653076  104.42352938652039
  80  109.11764705181122  152.64705896377563  104.35294115543365
  81  109.09411764144897  153.11764717102051  104.28235292434692
  82  109.07058823108673  153.58823537826538  104.21176469326019
  83  109.04705882072449  154.05882358551025  104.14117646217346
  84  109.02352941036224  154.52941179275513  104.07058823108673
  85  109.00000000000000  155.00000000000000  104.00000000000000
  86  110.47059559822083  155.41176676750183  103.16470170021057
  87  111.94117629528046  155.82352936267853  102.32941186428070
  88  113.41177189350128  156.23529613018036  101.49411356449127
  89  114.88235259056091  156.64705872535706  100.65882372856140
  90  116.35294818878174  157.05882549285889   99.82352542877197
  91  117.82352888584137  157.47058808803558   98.98823559284210
  92  119.29412448406219  157.88235485553741   98.15293729305267
  93  120.76470518112183  158.29411745071411   97.31764745712280
  94  122.23530077934265  158.70588421821594   96.48234915733337
  95  123.70588147640228  159.11764681339264   95.64705932140350
  96  125.17647707462311  159.52941358089447   94.81176102161408
  97  126.64705777168274  159.94117617607117   93.97647118568420
  98  128.11765336990356  160.35294294357300   93.14117288589478
  99  129.58823406696320  160.76470553874969   92.30588304996491
 100  131.05882966518402  161.17647230625153   91.47058475017548
 101  132.52941036224365  161.58823490142822   90.63529491424561
 102  134.00000596046448  162.00000166893005   89.79999661445618
 103  135.47058665752411  162.41176426410675   88.96470677852631
 104  136.94118225574493  162.82353103160858   88.12940847873688
 105  138.41176295280457  163.23529362678528   87.29411864280701
 106  139.88235855102539  163.64706039428711   86.45882034301758
 107  141.35293924808502  164.05882298946381   85.62353050708771
 108  142.82353484630585  164.47058975696564   84.78823220729828
 109  144.29411554336548  164.88235235214233   83.95294237136841
 110  145.76471114158630  165.29411911964417   83.11764407157898
 111  147.23529183864594  165.70588171482086   82.28235423564911
 112  148.70588743686676  166.11764848232269   81.44705593585968
 113  150.17646813392639  166.52941107749939   80.61176609992981
 114  151.64706373214722  166.94117784500122   79.77646780014038
 115  153.11764442920685  167.35294044017792   78.94117796421051
 116  154.58824002742767  167.76470720767975   78.10587966442108
 117  156.05882072448730  168.17646980285645   77.27058982849121
 118  157.52941632270813  168.58823657035828   76.43529152870178
 119  158.99999701976776  168.99999916553497   75.60000169277191
 120  160.47059261798859  169.41176593303680   74.76470339298248
 121  161.94117331504822  169.82352852821350   73.92941355705261
 122  163.41176891326904  170.23529529571533   73.09411525726318
 123  164.88234961032867  170.64705789089203   72.25882542133331
 124  166.35294520854950  171.05882465839386   71.42352712154388
 125  167.82352590560913  171.47058725357056   70.58823728561401
 126  169.29412150382996  171.88235402107239   69.75293898582459
 127  170.76470220088959  172.29411661624908   68.91764914989471
 128  172.23529779911041  172.70588338375092   68.08235085010529
 129  173.70587849617004  173.11764597892761   67.24706101417542
 130  175.17647409439087  173.52941274642944   66.41176271438599
 131  176.64705479145050  173.94117534160614   65.57647287845612
 132  178.11765038967133  174.35294210910797   64.74117457866669
 133  179.58823108673096  174.76470470428467   63.90588474273682
 134  181.05882668495178  175.17647147178650   63.07058644294739
 135  182.52940738201141  175.58823406696320   62.23529660701752
 136  184.00000298023224  176.00000083446503   61.39999830722809
 137  185.47058367729187  176.41176342964172   60.56470847129822
 138  186.94117927551270  176.82353019714355   59.72941017150879
 139  188.41175997257233  177.23529279232025   58.89412033557892
 140  189.88235557079315  177.64705955982208   58.05882203578949
 141  191.35293626785278  178.05882215499878   57.22353219985962
 142  192.82353186607361  178.47058892250061   56.38823390007019
 143  194.29411256313324  178.88235151767731   55.55294406414032
 144  195.76470816135406  179.29411828517914   54.71764576435089
 145  197.23528885841370  179.70588088035583   53.88235592842102
 146  198.70588445663452  180.11764764785767   53.04705762863159
 147  200.17646515369415  180.52941024303436   52.21176779270172
 148  201.64706075191498  180.94117701053619   51.37646949291229
 149  203.11764144897461  181.35293960571289   50.54117965698242
 150  204.58823704719543  181.76470637321472   49.70588135719299
 151  206.05881774425507  182.17646896839142   48.87059152126312
 152  207.52941334247589  182.58823573589325   48.03529322147369
 153  208.99999403953552  182.99999833106995   47.20000338554382
 154  210.47058963775635  183.41176509857178   46.36470508575440
 155  211.94117033481598  183.82352769374847   45.52941524982452
 156  213.41176593303680  184.23529446125031   44.69411695003510
 157  214.88234663009644  184.64705705642700   43.85882711410523
 158  216.35294222831726  185.05882382392883   43.02352881431580
 159  217.82352292537689  185.47058641910553   42.18823897838593
 160  219.29411852359772  185.88235318660736   41.35294067859650
 161  220.76469922065735  186.29411578178406   40.51765084266663
 162  222.23529481887817  186.70588254928589   39.68235254287720
 163  223.70587551593781  187.11764514446259   38.84706270694733
 164  225.17647111415863  187.52941191196442   38.01176440715790
 165  226.64705181121826  187.94117450714111   37.17647457122803
 166  228.11764740943909  188.35294127464294   36.34117627143860
 167  229.58822810649872  188.76470386981964   35.50588643550873
 168  231.05882370471954  189.17647063732147   34.67058813571930
 169  232.52940440177917  189.58823323249817   33.83529829978943
 170  234.00000000000000  190.00000000000000   33.00000000000000
 171  233.72941040992737  189.18823122978210   33.67059159278870
 172  233.45882081985474  188.37646245956421   34.34118318557739
 173  233.18823671340942  187.56471014022827   35.01176118850708
 174  232.91764712333679  186.75294137001038   35.68235278129578
 175  232.64705753326416  185.94117259979248   36.35294437408447
 176  232.37646794319153  185.12940382957458   37.02353596687317
 177  232.10588383674622  184.31765151023865   37.69411396980286
 178  231.83529424667358  183.50588274002075   38.36470556259155
 179  231.56470465660095  182.69411396980286   39.03529715538025
 180  231.29411506652832  181.88234519958496   39.70588874816895
 181  231.02353096008301  181.07059288024902   40.37646675109863
 182  230.75294137001038  180.25882411003113   41.04705834388733
 183  230.48235177993774  179.44705533981323   41.71764993667603
 184  230.21176218986511  178.63528656959534   42.38824152946472
 185  229.94117808341980  177.82353425025940   43.05881953239441
 186  229.67058849334717  177.01176548004150   43.72941112518311
 187  229.39999890327454  176.19999670982361   44.40000271797180
 188  229.12940931320190  175.38822793960571   45.07059431076050
 189  228.85882520675659  174.57647562026978   45.74117231369019
 190  228.58823561668396  173.76470685005188   46.41176390647888
 191  228.31764602661133  172.95293807983398   47.08235549926758
 192  228.04705643653870  172.14116930961609   47.75294709205627
 193  227.77647233009338  171.32941699028015   48.42352509498596
 194  227.50588274002075  170.51764822006226   49.09411668777466
 195  227.23529314994812  169.70587944984436   49.76470828056335
 196  226.96470355987549  168.89411067962646   50.43529987335205
 197  226.69411945343018  168.08235836029053   51.10587787628174
 198  226.42352986335754  167.27058959007263   51.77646946907044
 199  226.15294027328491  166.45882081985474   52.44706106185913
 200  225.88235068321228  165.64705204963684   53.11765265464783
 201  225.61176657676697  164.83529973030090   53.78823065757752
 202  225.34117698669434  164.02353096008301   54.45882225036621
 203  225.07058739662170  163.21176218986511   55.12941384315491
 204  224.79999780654907  162.39999341964722   55.80000543594360
 205  224.52941370010376  161.58824110031128   56.47058343887329
 206  224.25882411003113  160.77647233009338   57.14117503166199
 207  223.98823451995850  159.96470355987549   57.81176662445068
 208  223.71764492988586  159.15293478965759   58.48235821723938
 209  223.44706082344055  158.34118247032166   59.15293622016907
 210  223.17647123336792  157.52941370010376   59.82352781295776
 211  222.90588164329529  156.71764492988586   60.49411940574646
 212  222.63529205322266  155.90587615966797   61.16471099853516
 213  222.36470794677734  155.09412384033203   61.83528900146484
 214  222.09411835670471  154.28235507011414   62.50588059425354
 215  221.82352876663208  153.47058629989624   63.17647218704224
 216  221.55293917655945  152.65881752967834   63.84706377983093
 217  221.28235507011414  151.84706521034241   64.51764178276062
 218  221.01176548004150  151.03529644012451   65.18823337554932
 219  220.74117588996887  150.22352766990662   65.85882496833801
 220  220.47058629989624  149.41175889968872   66.52941656112671
 221  220.20000219345093  148.60000658035278   67.19999456405640
 222  219.92941260337830  147.78823781013489   67.87058615684509
 223  219.65882301330566  146.97646903991699   68.54117774963379
 224  219.38823342323303  146.16470026969910   69.21176934242249
 225  219.11764931678772  145.35294795036316   69.88234734535217
 226  218.84705972671509  144.54117918014526   70.55293893814087
 227  218.57647013664246  143.72941040992737   71.22353053092957
 228  218.30588054656982  142.91764163970947   71.89412212371826
 229  218.03529644012451  142.10588932037354   72.56470012664795
 230  217.76470685005188  141.29412055015564   73.23529171943665
 231  217.49411725997925  140.48235177993774   73.90588331222534
 232  217.22352766990662  139.67058300971985   74.57647490501404
 233  216.95294356346130  138.85883069038391   75.24705290794373
 234  216.68235397338867  138.04706192016602   75.91764450073242
 235  216.41176438331604  137.23529314994812   76.58823609352112
 236  216.14117479324341  136.42352437973022   77.25882768630981
 237  215.87059068679810  135.61177206039429   77.92940568923950
 238  215.60000109672546  134.80000329017639   78.59999728202820
 239  215.32941150665283  133.98823451995850   79.27058887481690
 240  215.05882191658020  133.17646574974060   79.94118046760559
 241  214.78823781013489  132.36471343040466   80.61175847053528
 242  214.51764822006226  131.55294466018677   81.28235006332398
 243  214.24705862998962  130.74117588996887   81.95294165611267
 244  213.97646903991699  129.92940711975098   82.62353324890137
 245  213.70588493347168  129.11765480041504   83.29411125183106
 246  213.43529534339905  128.30588603019714   83.96470284461975
 247  213.16470575332642  127.49411725997925   84.63529443740845
 248  212.89411616325378  126.68234848976135   85.30588603019714
 249  212.62353205680847  125.87059617042542   85.97646403312683
 250  212.35294246673584  125.05882740020752   86.64705562591553
 251  212.08235287666321  124.24705862998962   87.31764721870422
 252  211.81176328659058  123.43528985977173   87.98823881149292
 253  211.54117918014526  122.62353754043579   88.65881681442261
 254  211.27058959007263  121.81176877021790   89.32940840721130
 255  211.00000000000000  121.00000000000000   90.00000000000000
